This file contains the multiplicities of rhobars (p=5) occuring newly at level N^2 with N=-1 (mod 5) and N<200.
The format of the data is [m,f] where m is the multiplicity and the eigenvalues are in F_{p^f}


Magma V2.25-3     Wed May 12 2021 16:09:35 on math     [Seed = 217078480]

+-------------------------------------------------------------------+
|       This copy of Magma has been made available through a        |
|                   generous initiative of the                      |
|                                                                   |
|                         Simons Foundation                         |
|                                                                   |
| covering U.S. Colleges, Universities, Nonprofit Research entities,|
|               and their students, faculty, and staff              |
+-------------------------------------------------------------------+

Type ? for help.  Type <Ctrl>-D to quit.
Loading "rhobars.m"
Level 19
[
    [ 5, 1 ],
    [ 3, 1 ],
    [ 2, 1 ],
    [ 2, 1 ],
    [ 2, 1 ],
    [ 1, 3 ],
    [ 1, 3 ]
]
Level 29
[
    [ 10, 1 ],
    [ 10, 1 ],
    [ 3, 2 ],
    [ 2, 2 ],
    [ 2, 1 ],
    [ 2, 1 ],
    [ 2, 1 ],
    [ 1, 6 ],
    [ 1, 6 ],
    [ 1, 3 ],
    [ 1, 3 ]
]
Level 59
[
    [ 15, 1 ],
    [ 5, 4 ],
    [ 5, 4 ],
    [ 5, 2 ],
    [ 5, 2 ],
    [ 5, 2 ],
    [ 5, 2 ],
    [ 5, 2 ],
    [ 5, 1 ],
    [ 5, 1 ],
    [ 3, 5 ],
    [ 2, 5 ],
    [ 2, 1 ],
    [ 2, 1 ],
    [ 1, 14 ],
    [ 1, 14 ],
    [ 1, 14 ],
    [ 1, 14 ],
    [ 1, 14 ],
    [ 1, 14 ],
    [ 1, 7 ],
    [ 1, 7 ],
    [ 1, 7 ],
    [ 1, 7 ]
]
Level 79
[
    [ 25, 1 ],
    [ 5, 12 ],
    [ 5, 12 ],
    [ 5, 10 ],
    [ 5, 2 ],
    [ 5, 2 ],
    [ 5, 1 ],
    [ 5, 1 ],
    [ 3, 5 ],
    [ 3, 1 ],
    [ 2, 5 ],
    [ 2, 1 ],
    [ 2, 1 ],
    [ 2, 1 ],
    [ 1, 24 ],
    [ 1, 24 ],
    [ 1, 20 ],
    [ 1, 20 ],
    [ 1, 16 ],
    [ 1, 16 ],
    [ 1, 8 ],
    [ 1, 8 ],
    [ 1, 8 ],
    [ 1, 8 ],
    [ 1, 8 ],
    [ 1, 8 ],
    [ 1, 4 ],
    [ 1, 4 ],
    [ 1, 4 ],
    [ 1, 4 ],
    [ 1, 4 ],
    [ 1, 4 ],
    [ 1, 4 ],
    [ 1, 4 ],
    [ 1, 2 ],
    [ 1, 2 ],
    [ 1, 2 ],
    [ 1, 2 ],
    [ 1, 2 ],
    [ 1, 2 ],
    [ 1, 2 ],
    [ 1, 2 ]
]
Level 89
[
    [ 10, 1 ],
    [ 10, 1 ],
    [ 9, 1 ],
    [ 6, 1 ],
    [ 5, 6 ],
    [ 5, 6 ],
    [ 5, 6 ],
    [ 5, 6 ],
    [ 5, 6 ],
    [ 5, 6 ],
    [ 5, 6 ],
    [ 5, 6 ],
    [ 5, 3 ],
    [ 5, 3 ],
    [ 3, 3 ],
    [ 3, 1 ],
    [ 2, 3 ],
    [ 2, 1 ],
    [ 2, 1 ],
    [ 2, 1 ],
    [ 2, 1 ],
    [ 1, 50 ],
    [ 1, 30 ],
    [ 1, 20 ],
    [ 1, 20 ],
    [ 1, 20 ],
    [ 1, 20 ],
    [ 1, 10 ],
    [ 1, 10 ],
    [ 1, 10 ],
    [ 1, 10 ],
    [ 1, 10 ],
    [ 1, 10 ],
    [ 1, 10 ],
    [ 1, 10 ],
    [ 1, 10 ],
    [ 1, 10 ],
    [ 1, 6 ],
    [ 1, 6 ],
    [ 1, 4 ],
    [ 1, 2 ]
]
Level 109
[
    [ 5, 30 ],
    [ 5, 30 ],
    [ 5, 10 ],
    [ 5, 10 ],
    [ 5, 5 ],
    [ 5, 5 ],
    [ 3, 4 ],
    [ 3, 3 ],
    [ 3, 1 ],
    [ 2, 4 ],
    [ 2, 3 ],
    [ 2, 1 ],
    [ 2, 1 ],
    [ 2, 1 ],
    [ 1, 72 ],
    [ 1, 72 ],
    [ 1, 54 ],
    [ 1, 54 ],
    [ 1, 18 ],
    [ 1, 18 ],
    [ 1, 18 ],
    [ 1, 18 ],
    [ 1, 18 ],
    [ 1, 15 ],
    [ 1, 15 ],
    [ 1, 7 ],
    [ 1, 7 ],
    [ 1, 6 ],
    [ 1, 6 ],
    [ 1, 6 ],
    [ 1, 4 ],
    [ 1, 4 ],
    [ 1, 3 ],
    [ 1, 3 ],
    [ 1, 3 ],
    [ 1, 3 ],
    [ 1, 3 ],
    [ 1, 3 ],
    [ 1, 2 ],
    [ 1, 2 ]
]
Level 139
[
    [ 5, 54 ],
    [ 5, 21 ],
    [ 5, 21 ],
    [ 5, 15 ],
    [ 5, 15 ],
    [ 5, 6 ],
    [ 5, 6 ],
    [ 5, 4 ],
    [ 5, 4 ],
    [ 5, 2 ],
    [ 5, 1 ],
    [ 3, 4 ],
    [ 3, 3 ],
    [ 3, 3 ],
    [ 3, 1 ],
    [ 2, 4 ],
    [ 2, 3 ],
    [ 2, 3 ],
    [ 2, 1 ],
    [ 2, 1 ],
    [ 2, 1 ],
    [ 1, 121 ],
    [ 1, 121 ],
    [ 1, 66 ],
    [ 1, 66 ],
    [ 1, 66 ],
    [ 1, 66 ],
    [ 1, 33 ],
    [ 1, 33 ],
    [ 1, 22 ],
    [ 1, 22 ],
    [ 1, 11 ],
    [ 1, 11 ],
    [ 1, 11 ],
    [ 1, 11 ],
    [ 1, 11 ],
    [ 1, 11 ],
    [ 1, 11 ],
    [ 1, 11 ],
    [ 1, 7 ],
    [ 1, 7 ],
    [ 1, 2 ],
    [ 1, 2 ],
    [ 1, 1 ],
    [ 1, 1 ],
    [ 1, 1 ],
    [ 1, 1 ]
]
Level 149
[
    [ 25, 7 ],
    [ 25, 7 ],
    [ 25, 2 ],
    [ 25, 2 ],
    [ 25, 2 ],
    [ 25, 2 ],
    [ 25, 1 ],
    [ 25, 1 ],
    [ 13, 9 ],
    [ 13, 3 ],
    [ 12, 9 ],
    [ 12, 3 ],
    [ 12, 1 ],
    [ 12, 1 ],
    [ 1, 252 ],
    [ 1, 108 ],
    [ 1, 72 ],
    [ 1, 72 ],
    [ 1, 54 ],
    [ 1, 54 ],
    [ 1, 36 ],
    [ 1, 36 ],
    [ 1, 36 ],
    [ 1, 36 ],
    [ 1, 18 ],
    [ 1, 18 ],
    [ 1, 18 ],
    [ 1, 18 ],
    [ 1, 8 ],
    [ 1, 2 ],
    [ 1, 1 ],
    [ 1, 1 ]
]
Level 179
[
    [ 25, 1 ],
    [ 10, 1 ],
    [ 10, 1 ],
    [ 5, 78 ],
    [ 5, 18 ],
    [ 5, 18 ],
    [ 5, 14 ],
    [ 5, 14 ],
    [ 5, 12 ],
    [ 5, 12 ],
    [ 5, 7 ],
    [ 5, 7 ],
    [ 5, 6 ],
    [ 5, 6 ],
    [ 5, 6 ],
    [ 5, 6 ],
    [ 5, 6 ],
    [ 5, 5 ],
    [ 5, 5 ],
    [ 5, 3 ],
    [ 5, 3 ],
    [ 5, 3 ],
    [ 5, 3 ],
    [ 5, 3 ],
    [ 5, 3 ],
    [ 5, 2 ],
    [ 5, 1 ],
    [ 5, 1 ],
    [ 3, 8 ],
    [ 3, 3 ],
    [ 3, 3 ],
    [ 3, 1 ],
    [ 2, 8 ],
    [ 2, 3 ],
    [ 2, 3 ],
    [ 2, 1 ],
    [ 2, 1 ],
    [ 2, 1 ],
    [ 1, 220 ],
    [ 1, 220 ],
    [ 1, 110 ],
    [ 1, 110 ],
    [ 1, 88 ],
    [ 1, 88 ],
    [ 1, 66 ],
    [ 1, 66 ],
    [ 1, 66 ],
    [ 1, 66 ],
    [ 1, 44 ],
    [ 1, 44 ],
    [ 1, 22 ],
    [ 1, 22 ]
]
Level 199
[
    [ 26, 2 ],
    [ 26, 1 ],
    [ 25, 26 ],
    [ 25, 6 ],
    [ 25, 3 ],
    [ 25, 3 ],
    [ 25, 2 ],
    [ 25, 2 ],
    [ 25, 2 ],
    [ 25, 2 ],
    [ 25, 1 ],
    [ 25, 1 ],
    [ 25, 1 ],
    [ 24, 2 ],
    [ 24, 1 ],
    [ 13, 7 ],
    [ 13, 3 ],
    [ 12, 7 ],
    [ 12, 3 ],
    [ 12, 1 ],
    [ 12, 1 ],
    [ 1, 150 ],
    [ 1, 150 ],
    [ 1, 100 ],
    [ 1, 100 ],
    [ 1, 90 ],
    [ 1, 90 ],
    [ 1, 90 ],
    [ 1, 90 ],
    [ 1, 90 ],
    [ 1, 90 ],
    [ 1, 60 ],
    [ 1, 60 ],
    [ 1, 33 ],
    [ 1, 33 ],
    [ 1, 30 ],
    [ 1, 30 ],
    [ 1, 30 ],
    [ 1, 30 ],
    [ 1, 30 ],
    [ 1, 30 ],
    [ 1, 15 ],
    [ 1, 15 ],
    [ 1, 10 ],
    [ 1, 10 ],
    [ 1, 10 ],
    [ 1, 10 ],
    [ 1, 9 ],
    [ 1, 9 ],
    [ 1, 6 ],
    [ 1, 6 ],
    [ 1, 6 ],
    [ 1, 6 ],
    [ 1, 3 ],
    [ 1, 3 ],
    [ 1, 3 ],
    [ 1, 3 ],
    [ 1, 2 ],
    [ 1, 2 ],
    [ 1, 1 ],
    [ 1, 1 ]
]

>> d_mults(5,1,200:aell_output:=true);
   ^
User error: Identifier 'd_mults' has not been declared or assigned

Total time: 215962.109 seconds, Total memory usage: 5576.50MB
